43

1 190
213 1

1 211
236 0

2 136
106 1

4 70
85 1

11 17
194 0

15 165
195 0

15 15
193 1

17 190
238 0

17 111
45 0

22 211
217 0

35 95
109 1

35 184
173 1

64 137
92 0

64 70
90 1

70 197
49 0

95 165
178 1

111 165
203 0

111 15
201 1

128 249
183 0

128 190
245 1

136 35
160 1

140 249
182 1

165 176
77 1

169 189
229 0

169 234
227 1

184 95
102 0

184 30
100 1

184 184
166 0

189 134
79 1

190 4
38 0

190 70
59 0

197 234
251 1

197 70
58 1

213 70
83 0

213 225
147 0

223 197
41 0

225 70
82 1

225 225
146 1

225 184
169 0

234 11
149 0

234 189
234 0

249 70
86 0

249 11
148 1

