26

1
2 1 11
2 0

2
1 213
3 0

2
2 1 11
1 1

4
1 22
5 0

11
1 128
10 1

15
1 128
16 0

22
1 2
21 1

64
1 197
65 0

64
1 111
63 1

70
1 176
69 1

95
1 30
96 0

95
1 137
94 1

111
1 136
112 0

128
1 95
129 0

128
1 140
127 1

134
1 95
133 1

136
1 140
135 1

165
1 184
166 0

169
1 184
168 1

197
1 165
198 0

197
1 17
196 1

211
1 211
212 0

213
1 190
214 0

225
1 189
226 0

234
1 189
233 1

241
1 190
240 1
